Dataset_Split                       | Accuracy |       F1 | Precision |   Recall |   Yes%
------------------------------------------------------------------------------------------
coco_random                         |   0.8433 |   0.8263 |    0.9270 |   0.7453 | 0.402
coco_popular                        |   0.8303 |   0.8146 |    0.8980 |   0.7453 | 0.415
coco_adversarial                    |   0.8023 |   0.7905 |    0.8407 |   0.7460 | 0.444

aokvqa_random                       |   0.8577 |   0.8516 |    0.8896 |   0.8167 | 0.459
aokvqa_popular                      |   0.8167 |   0.8167 |    0.8167 |   0.8167 | 0.500
aokvqa_adversarial                  |   0.7520 |   0.7663 |    0.7245 |   0.8133 | 0.561

gqa_random                          |   0.8537 |   0.8481 |    0.8814 |   0.8173 | 0.464
gqa_popular                         |   0.7927 |   0.7977 |    0.7789 |   0.8173 | 0.525
gqa_adversarial                     |   0.7607 |   0.7725 |    0.7361 |   0.8127 | 0.552

