Dataset_Split                       | Accuracy |       F1 | Precision |   Recall |   Yes%
------------------------------------------------------------------------------------------
coco_random                         |   0.8437 |   0.8266 |    0.9278 |   0.7453 | 0.402
coco_popular                        |   0.8303 |   0.8146 |    0.8980 |   0.7453 | 0.415
coco_adversarial                    |   0.8023 |   0.7905 |    0.8407 |   0.7460 | 0.444

aokvqa_random                       |   0.8577 |   0.8512 |    0.8919 |   0.8140 | 0.456
aokvqa_popular                      |   0.8160 |   0.8156 |    0.8173 |   0.8140 | 0.498
aokvqa_adversarial                  |   0.7507 |   0.7648 |    0.7238 |   0.8107 | 0.560

gqa_random                          |   0.8540 |   0.8484 |    0.8820 |   0.8173 | 0.463
gqa_popular                         |   0.7923 |   0.7974 |    0.7784 |   0.8173 | 0.525
gqa_adversarial                     |   0.7607 |   0.7724 |    0.7364 |   0.8120 | 0.551

