Dataset_Split                       | Accuracy |       F1 | Precision |   Recall |   Yes%
------------------------------------------------------------------------------------------
coco_random                         |   0.8447 |   0.8286 |    0.9245 |   0.7507 | 0.406
coco_popular                        |   0.8323 |   0.8174 |    0.8972 |   0.7507 | 0.418
coco_adversarial                    |   0.8037 |   0.7928 |    0.8392 |   0.7513 | 0.448

aokvqa_random                       |   0.8590 |   0.8538 |    0.8866 |   0.8233 | 0.464
aokvqa_popular                      |   0.8183 |   0.8192 |    0.8152 |   0.8233 | 0.505
aokvqa_adversarial                  |   0.7517 |   0.7668 |    0.7227 |   0.8167 | 0.565

gqa_random                          |   0.8550 |   0.8502 |    0.8795 |   0.8227 | 0.468
gqa_popular                         |   0.7950 |   0.8005 |    0.7795 |   0.8227 | 0.528
gqa_adversarial                     |   0.7643 |   0.7769 |    0.7376 |   0.8207 | 0.556

