Dataset_Split                       | Accuracy |       F1 | Precision |   Recall |   Yes%
------------------------------------------------------------------------------------------
coco_random                         |   0.8390 |   0.8212 |    0.9234 |   0.7393 | 0.400
coco_popular                        |   0.8260 |   0.8095 |    0.8944 |   0.7393 | 0.413
coco_adversarial                    |   0.7983 |   0.7858 |    0.8377 |   0.7400 | 0.442

aokvqa_random                       |   0.8553 |   0.8484 |    0.8913 |   0.8093 | 0.454
aokvqa_popular                      |   0.8133 |   0.8126 |    0.8159 |   0.8093 | 0.496
aokvqa_adversarial                  |   0.7503 |   0.7635 |    0.7253 |   0.8060 | 0.556

gqa_random                          |   0.8490 |   0.8432 |    0.8769 |   0.8120 | 0.463
gqa_popular                         |   0.7933 |   0.7971 |    0.7828 |   0.8120 | 0.519
gqa_adversarial                     |   0.7593 |   0.7706 |    0.7360 |   0.8087 | 0.549

