Dataset_Split                       | Accuracy |       F1 | Precision |   Recall |   Yes%
------------------------------------------------------------------------------------------
coco_random                         |   0.8407 |   0.8232 |    0.9244 |   0.7420 | 0.401
coco_popular                        |   0.8280 |   0.8118 |    0.8961 |   0.7420 | 0.414
coco_adversarial                    |   0.7997 |   0.7877 |    0.8377 |   0.7433 | 0.444

aokvqa_random                       |   0.8573 |   0.8508 |    0.8918 |   0.8133 | 0.456
aokvqa_popular                      |   0.8160 |   0.8155 |    0.8177 |   0.8133 | 0.497
aokvqa_adversarial                  |   0.7507 |   0.7642 |    0.7249 |   0.8080 | 0.557

gqa_random                          |   0.8513 |   0.8457 |    0.8791 |   0.8147 | 0.463
gqa_popular                         |   0.7920 |   0.7966 |    0.7793 |   0.8147 | 0.523
gqa_adversarial                     |   0.7600 |   0.7714 |    0.7364 |   0.8100 | 0.550

