Dataset_Split                       | Accuracy |       F1 | Precision |   Recall |   Yes%
------------------------------------------------------------------------------------------
coco_random                         |   0.8413 |   0.8240 |    0.9252 |   0.7427 | 0.401
coco_popular                        |   0.8290 |   0.8128 |    0.8977 |   0.7427 | 0.414
coco_adversarial                    |   0.8003 |   0.7884 |    0.8385 |   0.7440 | 0.444

aokvqa_random                       |   0.8587 |   0.8523 |    0.8927 |   0.8153 | 0.457
aokvqa_popular                      |   0.8173 |   0.8170 |    0.8186 |   0.8153 | 0.498
aokvqa_adversarial                  |   0.7507 |   0.7643 |    0.7246 |   0.8087 | 0.558

gqa_random                          |   0.8523 |   0.8468 |    0.8799 |   0.8160 | 0.464
gqa_popular                         |   0.7923 |   0.7971 |    0.7791 |   0.8160 | 0.524
gqa_adversarial                     |   0.7600 |   0.7717 |    0.7358 |   0.8113 | 0.551

