Dataset_Split                       | Accuracy |       F1 | Precision |   Recall |   Yes%
------------------------------------------------------------------------------------------
coco_random                         |   0.8410 |   0.8237 |    0.9245 |   0.7427 | 0.402
coco_popular                        |   0.8277 |   0.8117 |    0.8948 |   0.7427 | 0.415
coco_adversarial                    |   0.8000 |   0.7881 |    0.8378 |   0.7440 | 0.444

aokvqa_random                       |   0.8567 |   0.8498 |    0.8928 |   0.8107 | 0.454
aokvqa_popular                      |   0.8140 |   0.8134 |    0.8161 |   0.8107 | 0.497
aokvqa_adversarial                  |   0.7503 |   0.7636 |    0.7250 |   0.8067 | 0.556

gqa_random                          |   0.8500 |   0.8442 |    0.8782 |   0.8127 | 0.463
gqa_popular                         |   0.7920 |   0.7962 |    0.7804 |   0.8127 | 0.521
gqa_adversarial                     |   0.7603 |   0.7714 |    0.7374 |   0.8087 | 0.548

