Dataset_Split                       | Accuracy |       F1 | Precision |   Recall |   Yes%
------------------------------------------------------------------------------------------
coco_random                         |   0.8417 |   0.8256 |    0.9191 |   0.7493 | 0.408
coco_popular                        |   0.8287 |   0.8139 |    0.8906 |   0.7493 | 0.421
coco_adversarial                    |   0.7997 |   0.7892 |    0.8327 |   0.7500 | 0.450

aokvqa_random                       |   0.8527 |   0.8468 |    0.8817 |   0.8147 | 0.462
aokvqa_popular                      |   0.8130 |   0.8133 |    0.8120 |   0.8147 | 0.502
aokvqa_adversarial                  |   0.7513 |   0.7659 |    0.7236 |   0.8133 | 0.562

gqa_random                          |   0.8493 |   0.8446 |    0.8722 |   0.8187 | 0.469
gqa_popular                         |   0.7940 |   0.7990 |    0.7802 |   0.8187 | 0.525
gqa_adversarial                     |   0.7607 |   0.7728 |    0.7355 |   0.8140 | 0.553

