Dataset_Split                       | Accuracy |       F1 | Precision |   Recall |   Yes%
------------------------------------------------------------------------------------------
coco_random                         |   0.8430 |   0.8257 |    0.9277 |   0.7440 | 0.401
coco_popular                        |   0.8297 |   0.8137 |    0.8978 |   0.7440 | 0.414
coco_adversarial                    |   0.8020 |   0.7900 |    0.8411 |   0.7447 | 0.443

aokvqa_random                       |   0.8593 |   0.8534 |    0.8911 |   0.8187 | 0.459
aokvqa_popular                      |   0.8183 |   0.8184 |    0.8181 |   0.8187 | 0.500
aokvqa_adversarial                  |   0.7517 |   0.7661 |    0.7240 |   0.8133 | 0.562

gqa_random                          |   0.8543 |   0.8489 |    0.8816 |   0.8187 | 0.464
gqa_popular                         |   0.7933 |   0.7984 |    0.7792 |   0.8187 | 0.525
gqa_adversarial                     |   0.7613 |   0.7733 |    0.7364 |   0.8140 | 0.553

